110	80053	57	1920-8
152	80053	58	1742-6
5	80053	365	33899-6
71	80053	1728	1742-6
56	80053	2893	33899-6
65	80055	223	5195-3
121	80055	4043	20507-0
104	80074	211	22314-9
4	80074	217	16128-1
17	80074	223	5195-3
99	80074	2510	MDPH-144
88	80074	4329	22314-9
170	80074	4330	31204-1
36	80076	57	1920-8
45	80076	58	1742-6
64	80076	206	29760-6
7	80076	365	33899-6
98	80076	478	14630-8
132	80076	2893	33899-6
151	81000	206	29760-6
148	82040	57	1920-8
147	82040	58	1742-6
117	82040	206	29760-6
8	82040	478	14630-8
27	82040	2893	33899-6
130	82247	206	29760-6
39	82247	365	33899-6
38	82247	478	14630-8
31	82247	1448	33899-6
6	82247	2551	33899-6
109	82247	2893	33899-6
134	82247	2938	33899-6
160	82248	206	29760-6
33	82248	1511	29760-6
116	82248	1715	29760-6
144	82251	206	29760-6
167	82251	365	33899-6
51	82251	2893	33899-6
68	82947	57	1920-8
30	82947	58	1742-6
66	82947	365	33899-6
12	83898	1627	6422-0
67	83898	1667	13126-8
96	83898	1712	10676-5
103	83898	4063	34704-7
73	83898	4064	5012-0
9	84450	57	1920-8
166	84450	58	1742-6
107	84450	1792	1920-8
113	84455	57	1920-8
168	84460	58	1742-6
87	84460	1728	1742-6
155	84460	3836	17296-5
143	84460	3838	11545-1
106	84460	3840	17296-5
102	85048	58	1742-6
142	86592	385	20507-0
136	86592	458	20507-0
122	86592	1317	20507-0
137	86592	4043	20507-0
74	86631	835	21613-5
129	86631	1312	16601-7
26	86631		16601-7
125	86632		33574-5
75	86704	217	16128-1
149	86704	223	5195-3
173	86705	223	5195-3
131	86705	4329	22314-9
157	86705	4330	31204-1
25	86705	4870	31204-1
61	86706	223	5195-3
145	86708	211	22314-9
11	86708	4329	22314-9
92	86709	4329	22314-9
138	86781	644	34147-9
78	86781	1499	20507-0
141	86781	1500	20507-0
161	86781	1829	11597-2
135	86781	1973	34147-9
18	86790	3660	14212-5
53	86803	217	16128-1
126	86803	2510	MDPH-144
44	86804	1867	5199-5
54	86804	3185	5199-5
57	87077	1565	691-6
37	87077	2805	691-6
91	87077	4308	691-6
93	87081	4309	691-6
83	87110	3474	6349-5
1002    87110   939     6349-5
111	87116	931	11475-1
77	87116	2785	11545-1
82	87116	3021	11475-1
23	87116	3836	17296-5
108	87116	3838	11545-1
127	87116	3840	17269-5
13	87116	4694	11545-1
97	87178	1311	23908-7
16	87178	1312	16600-9
46	87178		16600-9
41	87178		23908-7
86	87206	3761	11545-1
43	87340	217	16128-1
133	87340	223	5195-3
171	87340	4329	22314-9
154	87350	481	13954-3
63	87350	3566	13954-3
162	87491	1312	20993-2
112	87491	2178	16600-9
159	87491	2487	21613-5
72	87491	2686	36902-5
100	87491	2801	21613-5
55	87491	2878	21613-5
60	87491	2879	21613-5
90	87491	2906	21613-5
58	87491	2910	24111-7
172	87491	4082	21613-5
146	87491	4084	21613-5
32	87491	4085	24111-7
81	87491	4312	20993-2
124	87491	4318	21613-5
47	87491	4319	24111-7
128	87491	4320	21613-5
48	87491	4321	24111-7
153	87491	4322	21613-5
62	87491	4323	24111-7
175	87491	4803	21613-5
3	87491	4804	24111-7
1003    87491   7012    36902-5
1001    87491   7053    4993-2
1007    87491   7614    24111-7
10	87491		20993-2
95	87492	2026	16601-7
50	87492		16601-7
52	87517	2413	16934-2
139	87517	2414	5009-6
165	87517	7285	5009-6
1008    87517   7547    5009-6
1009    87517   7548    16934-2
59	87521	1627	6422-2
1	87521	3544	34704-7
19	87521	3545	5012-0
114	87522	2352	5012-0
34	87522	2354	34704-7
115	87522	2355	38180-6
163	87522	3351	34704-7
21	87522	3352	5012-0
101	87522	4040	11259-9
150	87522	4041	20416-4
28	87522	4064	5012-0
35	87522	4762	34704-7
1012    87522   7096    34704-7
1013    87522   7129    11259-9
1014    87522   7130    11259-9
1010    87522   7386    34704-7
1011    87522   7593    34703-9
42	87556	4598	17296-5
123	87591	1311	23908-7
140	87591	2487	16601-7
22	87591	2488	24111-7
84	87591	2686	36902-5
156	87591	2902	24111-7
70	87591	2903	24111-7
14	87591	2910	24111-7
89	87591	2933	24111-7
164	87591	4083	24111-7
169	87591	4311	23908-7
2	87591	4321	24111-7
24	87591	4323	24111-7
15	87591	4804	24111-7
1006    87591   7012    36902-5
1004    87591   7052    24111-7
1005    87591   7614    24111-7
120	87591		23908-7
174	87800	1311	23908-7
40	87800	1312	16600-9
119	87800	2177	23908-7
158	87800	2178	16600-9
118	87800	4310	36902-5
29	87800		23908-7
80	88346		14510-2
105	LA0219	1311	23908-7
79	LA0219	1312	16600-9
94	LA0219		23908-7
49	LA0269	1792	1920-8
76	LA0269	1793	1742-6
20	LA0269	2893	33899-6
85	LA0349	206	29760-6
69	LA0349	478	14630-8
